Decision point: intplace_W_Call incomplete files
Samples: 44036

=== Default tree ===
accuracy: 0.4646128226477935
precision_macro: 0.40060551247646115
recall_macro: 0.4204528775269922
f1_macro: 0.39114246054628016
n_classes: 3

=== Pruned tree ===
accuracy: 0.39308152297327986
precision_macro: 0.4180395767826904
recall_macro: 0.33453809454966027
f1_macro: 0.1901560474431929
n_classes: 3
